(8.9591358041393363, -8.0889455211509063, 8.7339594995293126, -8.3025121656910557)
1558
(-0.4478236838274165, 1.4545418485115778, -0.0033497949221810265, -0.005701739181132484)
5329
(0.69834367180678869, 0.45465026596892089, -0.12896427595739784, -0.0226139955388866)
6134
(-0.60914215171973918, 1.6026911446302137, 0.0019590610501425991, 0.0030070230955818421)
6889
(-1.170542038258938, 1.4972563915030639, -0.62713762888377755, 1.3475647330052458)
8764
(6.0472989554927019e-07, -2.5653442547881782e-07, -1.337284615165705, 2.3296859552410578)
11701
(-0.23249619221270396, 0.20283502282216215, 0.16766165494888408, 0.86390225497841899)
12120
(0.063279870294652402, -0.075632196304294158, 0.21052472332496086, 0.80050386868912926)
13520
(1.0749147194253226, -0.96100817018148221, 1.275584588177433, -0.38648682181648003)
13598
(0.54595411849672337, -0.51509962495305384, 0.83292233890090173, 0.13541863005974944)
14144
(-0.10477816191908336, 0.062151706947742927, 0.16230392365252874, 0.88126869969330712)
14499
(0.070843139778340641, -0.02780943669543734, 0.07293647460242586, 0.88322829842840522)
15115
(0.1220278895019847, 0.20868158553345345, -0.24292290182433754, 0.91329553858378565)
15206
(0.27431246181772623, 0.10128097059599052, -0.15584952387904236, 0.77842103181185895)
16716
(1.2380569522505576, -1.0962346441853332, 1.7645546033114567, -0.89159781543101713)
18459
(-6.0033292648451532e-08, -8.3296153128149341e-08, -1.7847649055225598, 2.7805315641409076)
19783
(0.13269487173167752, 0.72821328125309914, -0.58115088848777119, 0.73070788933502662)
20883
(-1.0801970844298929, 2.0724936074848519, -0.00073632128433470797, 4.4641108282086607e-05)
24400
(0.91186588834954152, 0.24792469489757193, -0.038498843011954595, -0.1190069116653681)
25199
(-1.2618824914298588, 2.2583869422652914, 0.00043349283268567904, 5.7944409311330299e-05)
25938
(-0.50456910389566889, 0.66353798935936203, 0.26562575156852514, 0.58392794695841288)
27659
(6.3283653231385217e-09, -2.1893488067841558e-08, -2.2427007087780031, 3.2303825450711452)
29029
(-2.9594405571167273, 3.7887625638030826, -3.398559438493074, 3.7701684046958635)
30010
(-0.34352505340648581, 1.3450061544665917, 0.010613183240872561, -0.016364005271742803)
30610
(-0.31461760410807116, 0.62761367519507072, 0.43667269709711359, 0.25041440990836039)
30662
(-0.21507110070428023, 0.49864969097736256, 0.5567413120983834, 0.15898201558797742)
35378
(-0.50831787620117963, 0.48340431991940341, 0.15666634772989521, 0.87593396617474661)
36621
(-0.0066690378038962578, -0.0052078127944041319, -0.17342879862669394, 1.1850328493220983)
37624
(-1.3941127756793332, 2.0077139663468637, -1.8295959343311943, 2.3319492858917554)
38575
(11.515759287574175, -10.526553102228016, 1.2266292378510084e-09, -6.9599811661415972e-09)
39781
(-0.054789538937947461, 0.010346265305827185, 0.96767494760873418, 0.077557981332512793)
40996
(-4.0738583072934586e-13, -4.6214294168239135e-13, -7.5440655416376465, 8.5347598866201952)
42376
(-0.073610286022292082, 0.99943602092142103, -0.78870554160292383, 0.88313792083044251)
43348
(-0.52589711676948969, 1.5305540489848384, 0.0043243149033306907, -0.0099672719571928595)
47109
(1.3307454058156516, -0.31284527332326095, 0.015965026429475344, -0.032700552795773503)
47455
(2.9277425651512292, -1.9316702572810327, 3.7158027362233043e-05, 9.4460210146461566e-05)
48558
(2.9258668535526557, -2.5080265155956867, 3.3631744588790586, -2.7682313542611423)
48735
(0.32403047964975457, 0.12448478857457965, 0.9777073870452222, -0.42908172809658235)
51050
(0.20602544040280052, 0.92805641602270361, -0.394090367784589, 0.26307959975798395)
51486
(0.064773612301363206, 1.0272249332573895, 0.022693575508225886, -0.11728722015220611)
51854
(-0.46662218399973426, 1.1407567559120735, 0.00040689397741050341, 0.3310330014865881)
52061
(-0.13058795051939051, 0.59663083538189532, 0.55316657230756361, -0.020812044535885425)
54447
(-6.0531571762471312, 7.3847697476413661, -6.2758879495411044, 7.0467979841528443)
54666
(0.4334590741607921, 0.46101158466203213, 0.53115133203774556, -0.4274900917986314)
55836
(-0.12339921513088289, 1.162051434715752, -0.22909427709834632, 0.19351334806962575)
56121
(-0.058304472622204846, 0.82519379855837904, 0.32201944974686447, -0.093975124120306994)
57808
(0.38754985913395845, 0.86394097491110999, -0.16112962244156678, -0.088972897365550127)
58236
(-0.15599552732277921, 1.1323085631222265, 0.078945334791939936, -0.058051831987229713)
58682
(-1.079201247600386, 1.5825985153467028, -0.55676212378491008, 1.0804401110113189)
59069
(0.041425000438377116, 0.06513213949427725, 1.0713523855493723, -0.17928166879776428)
59478
(-0.00044546374531824722, 0.00046677140304646967, 1.5636886563616508, -0.56345053814289836)
59633
(-5.4368815730284622e-05, -1.1668557314512999e-05, 1.8910049388230872, -0.8910396266233539)
61810
(1.4128252741833098, -0.39100049379363611, 0.011642679413940532, -0.032197398765294191)
62083
(2.5691908677317135, -1.569775668785204, 0.00031226103119770998, 0.00022134996499260565)
63122
(-1.9024677194255077, 2.0244881437714062, -1.3354649441737143, 2.2669787647431154)
64211
(-0.014215539422217054, -0.025044530169525833, -0.12778043353695262, 1.1661921412113476)
65802
(-0.31008286770463023, 0.30403171509006166, -0.17526325178829993, 1.182489479986383)
66095
(0.3018082896201586, -0.17795630947297172, 0.089455907605535137, 0.78274804860769964)
66611
(3.4320426619480116, -3.2400502771404724, 3.7016192244603046, -2.774691074757238)
67888
(0.007115691442500305, 0.0094041177324750078, -0.30676481654281301, 1.2897489164072515)
68548
(0.17912265632416521, 0.38011528172573122, -0.52417137589260598, 0.97041692737256846)
68740
(0.76346661102547442, -0.076816549272612139, -0.11700911370934748, 0.4268216071568986)
70185
(-2.0647186841744829, 2.1954444411453289, -1.5967770024212795, 2.5976891784855329)
70476
(0.18197066326228617, -0.3031597699979226, 0.45856184160396918, 0.66060950053628276)
70822
(-0.18279202299742955, 0.14407431183329486, -0.088425858145785394, 1.1278999644255594)
71112
(0.22000667855915312, -0.099349062417961431, -0.021191379825659679, 0.90000343508245417)
71600
(-8.86026284562457, 10.409721088416468, -9.0580574750744631, 10.749492713522699)
71861
(1.1800970275430247, -0.41962909132763704, 0.14163966113142648, 0.096696352845226333)
73179
(-0.8224155534345583, 0.7555540819292168, -0.13099161039824184, 1.2140733075643855)
74190
(0.005593074043871514, -0.035478404719124855, -0.15399344873378643, 1.182319998479519)
75854
(5.8449145006473815, -5.565129872521049, 6.2745138936238538, -5.3478856226389055)
77320
(-1.5289722187140966e-07, -5.7745853060702436e-07, -1.9434799928700714, 2.9415571474379556)
78390
(-1.5874585871658888, 2.4784164749073216, -2.222882328031365, 2.502192903639409)
79284
(-0.7476220378430587, 1.7568298313178654, -0.0079691269565294234, -0.0077170707700447115)
82116
(0.37069914821998395, 0.8591740487031656, -0.46180670567620558, 0.23715919855408674)
82805
(-0.48003981033280879, 1.3848396308918551, 0.014019237365328662, 0.080896457739737956)
84754
(1.5753196135707519, -0.49835221323716267, 0.82590413597439172, -0.89893058054279651)
85581
(-1.3071616298529978, 2.2936719952667755, 0.0002117593716077616, 0.0019471511089208006)
86269
(1.3675022328709059, -0.70580653959721151, 1.7420495171379426, -1.3860558141778712)
86354
(0.5990957542887263, 0.14326836656508651, 0.98855847382514239, -0.73129004771898032)
87778
(0.77081296456987236, 0.58135561887653875, -0.088908507871218068, -0.26076617197294455)
88353
(-0.48351050890331421, 1.5344013039338522, -0.026834376743847626, -0.029549376646086197)
91032
(0.91502428068611008, 0.41528483337574962, -0.21735044081351459, -0.11225032657073174)
91707
(-1.208373186653299, 2.1963908722787129, 0.0032595548541188568, -0.00045411712600698764)
92203
(-0.94270433824010935, 1.1050557991149648, -0.0092539144065768436, 0.87085751568577907)
93570
(-1.0698896985224977e-08, -9.9660184866535837e-09, -3.3494807801402575, 4.340747061389453)
94581
(-0.16689029970417771, 1.1329754336910376, -1.0690078955000277, 1.1038241330742038)
95429
(-1.0435547182176554, 2.0429671689077518, -0.0056789974029794639, -0.0030956849155267304)
98044
(0.23101139585871017, 1.0267079206625609, -0.61357959222906733, 0.36432057865223211)
98800
(-0.46380492137683871, 1.1362457470657066, 0.25025030190927783, 0.075477127507893871)